36
60
7
78
10
15
40
95
96
26
67
9
90
44
27
62
77
87
98
6
72
51
0
42
19
58
79
82
61
21
43
2
32
80
8
14
94
45
73
33
57
85
29
83
75
28
81
48
68
59
65
11
39
74
17
49
38
63
41
5
20
84
23
30
66
25
35
24
31
37
4
93
70
69
56
55
46
22
34
76
13
1
3
97
89
12
71
18
50
99
54
52
16
53
47
64
88
92
86
91
103
113
150
176
166
163
122
120
191
155
125
131
169
188
156
186
123
164
116
146
171
193
138
141
137
184
153
112
147
130
134
199
189
118
197
154
101
135
152
124
170
192
105
104
158
100
133
136
114
175
149
173
194
108
157
160
179
117
128
107
180
102
144
148
187
198
106
174
132
183
145
181
109
121
190
151
182
177
161
110
140
111
162
165
195
115
172
143
142
126
119
127
167
139
178
129
185
168
159
196
