53
23
38
41
97
3
93
24
12
52
89
18
1
46
34
5
22
47
54
66
71
31
91
88
25
76
69
20
30
92
84
86
56
55
70
63
99
50
35
13
37
4
64
16
101
112
113
176
192
191
118
197
141
184
156
120
188
170
152
199
124
134
164
166
104
155
116
171
125
105
137
154
122
130
147
189
193
163
123
131
186
138
169
153
135
146
103
150
121
159
183
100
132
119
158
144
167
161
194
139
198
110
126
195
114
133
151
172
180
160
128
178
107
148
145
106
187
149
162
168
111
117
185
173
129
136
175
102
127
190
142
109
143
174
181
157
108
179
182
177
115
165
140
196
14
78
61
58
68
65
48
33
82
43
0
59
42
39
19
74
44
85
83
95
60
57
27
67
79
11
40
77
2
32
94
90
9
36
29
28
51
87
49
45
62
15
17
21
6
26
80
96
10
81
8
72
7
73
98
75
