88
23
69
34
56
5
54
92
63
37
52
93
99
38
3
55
86
76
50
24
53
71
12
35
66
18
47
20
84
22
30
13
4
97
41
64
46
89
91
16
25
31
1
70
14
77
85
67
58
83
11
45
36
9
75
33
28
8
57
82
96
2
40
94
6
98
73
0
62
26
10
51
17
44
48
29
90
87
27
72
61
19
15
81
78
49
21
65
7
60
42
79
59
68
74
39
80
32
43
95
193
186
154
170
124
135
147
138
155
153
130
169
152
134
184
120
137
199
125
104
150
188
176
118
103
171
105
112
146
116
101
123
192
122
163
166
191
141
197
113
164
189
156
131
158
117
142
175
190
133
149
180
174
194
185
148
196
172
109
107
143
145
177
102
187
144
111
168
159
182
140
165
179
128
132
181
178
114
151
139
157
119
106
127
160
100
110
195
121
161
198
115
129
136
173
183
108
167
126
162
