37
71
93
5
24
38
31
12
92
47
4
66
63
18
46
35
89
99
64
41
22
50
34
3
1
97
54
53
86
20
56
84
69
23
25
13
52
76
70
16
30
55
91
88
101
118
135
154
189
152
103
112
134
116
193
104
153
125
171
186
122
176
113
199
146
150
137
169
124
147
141
155
130
170
188
191
120
123
131
166
163
105
197
138
164
184
156
192
142
144
107
109
106
128
182
143
102
172
100
117
132
180
179
149
185
181
145
136
173
148
108
168
195
140
165
111
177
119
161
157
127
110
167
183
190
178
133
158
198
139
126
129
175
160
194
114
151
174
115
187
121
159
162
196
73
81
17
77
68
67
40
98
95
27
96
62
19
83
90
7
87
33
9
14
94
85
78
72
80
29
75
79
60
39
59
57
65
11
15
82
74
8
28
36
45
48
32
58
42
6
61
10
21
43
44
49
0
26
51
2
