163
184
116
189
131
153
122
147
166
105
170
171
134
124
191
169
130
118
103
199
135
176
188
125
123
186
164
112
154
156
197
155
146
104
137
141
193
150
120
192
113
152
138
101
145
158
149
180
173
168
115
174
127
129
109
140
108
185
119
177
183
111
187
151
128
139
121
142
172
102
136
143
157
133
126
165
107
117
161
181
148
190
198
160
114
159
100
162
106
179
167
196
175
182
110
194
178
144
132
195
76
38
54
56
47
66
84
34
22
20
93
18
41
25
71
1
86
50
97
69
64
37
55
99
5
35
53
13
31
30
52
46
3
89
4
91
23
16
88
70
63
24
12
92
8
68
80
32
96
44
90
9
62
79
6
81
51
77
7
78
49
67
82
58
60
29
95
59
21
83
87
85
19
27
75
40
11
74
2
15
72
10
43
65
28
0
57
45
61
98
73
39
33
94
36
17
48
42
26
14
