14
90
60
53
31
4
38
37
26
59
67
68
10
15
77
11
96
62
89
1
18
13
82
19
98
57
74
21
87
61
2
24
0
69
23
88
56
84
91
86
25
93
5
52
35
70
92
47
58
78
28
45
81
83
8
85
17
51
43
50
76
22
16
55
20
64
7
9
32
48
39
40
65
95
27
97
3
99
46
63
66
71
41
30
12
34
54
44
42
79
6
72
33
80
75
49
29
36
73
94
162
182
137
192
120
191
184
156
188
123
107
180
158
153
138
135
176
101
189
197
143
102
179
133
175
129
136
114
194
173
145
181
148
117
142
100
147
125
186
155
116
171
141
130
193
170
105
146
199
103
118
150
124
160
109
178
132
157
121
110
140
167
126
113
134
122
166
163
112
152
154
151
198
108
183
128
149
169
164
104
131
144
127
195
111
165
177
115
168
139
174
185
190
172
106
161
119
187
159
196
