14
29
83
11
44
9
0
19
74
96
87
27
80
57
79
8
58
28
36
75
48
78
77
7
72
67
40
21
43
82
73
61
59
33
98
32
60
26
15
68
2
85
62
95
6
81
45
10
65
42
51
49
39
90
17
94
41
99
46
16
70
35
1
71
5
31
86
13
76
89
66
52
92
56
38
23
20
91
64
25
37
4
69
34
3
88
53
24
55
63
30
93
50
97
22
84
18
12
54
47
141
166
138
164
169
184
125
137
163
156
124
171
189
154
134
130
197
170
191
147
188
104
101
116
193
131
118
122
103
112
146
199
152
155
135
176
153
150
123
192
186
120
113
105
142
165
196
195
182
167
136
194
187
183
185
108
190
145
160
111
179
178
102
117
110
172
180
109
149
158
159
119
115
148
181
121
139
161
162
151
107
129
177
140
174
143
157
144
173
114
128
133
126
132
175
198
168
100
106
127
