38
86
89
52
92
46
16
25
4
69
53
71
66
88
20
22
3
47
23
99
56
37
34
12
93
24
50
54
18
64
35
55
13
70
1
91
41
76
5
63
31
30
84
97
103
171
189
138
156
166
163
147
137
176
192
191
153
146
154
193
155
120
124
113
123
188
150
141
186
197
134
112
101
105
170
116
122
169
152
135
125
118
164
184
104
130
199
131
110
177
160
161
132
129
190
136
102
149
140
180
106
157
142
151
178
127
179
185
117
175
139
167
183
133
128
168
119
173
114
109
195
121
148
165
108
196
159
187
174
181
172
100
111
126
107
194
158
182
144
198
115
143
145
162
29
96
21
74
83
94
98
28
79
85
90
45
87
58
75
67
36
81
59
26
42
9
65
57
19
73
15
78
6
32
8
0
17
72
61
43
48
68
95
10
49
60
27
7
33
2
44
39
77
62
82
11
14
51
40
80
