32
11
7
75
29
33
80
58
78
36
6
90
45
9
28
8
51
17
73
83
94
14
40
77
43
57
42
2
81
49
44
87
61
68
85
21
79
59
95
96
27
15
98
10
39
65
67
74
48
26
82
62
60
0
19
72
157
159
195
127
168
198
187
139
194
196
181
144
115
136
111
149
142
165
102
100
145
151
173
158
175
107
143
121
128
129
179
140
117
174
119
110
178
190
133
106
132
183
182
162
177
148
108
185
160
180
109
114
161
172
167
126
134
146
104
166
103
189
125
150
138
197
101
154
155
171
170
130
135
137
193
163
120
152
124
176
122
141
112
164
147
105
191
153
123
186
188
169
192
184
156
116
131
113
118
199
52
88
91
47
86
64
41
13
38
66
20
55
16
99
3
30
25
97
18
89
46
37
35
84
4
69
31
12
93
63
1
34
92
54
50
76
53
71
70
5
56
23
24
22
