69
71
47
24
5
37
86
91
99
20
30
31
38
70
63
41
54
92
88
23
25
53
22
18
13
97
64
4
89
1
76
35
3
12
34
66
46
52
50
84
55
93
16
56
199
103
189
101
176
146
152
112
113
154
122
104
166
155
163
125
118
150
105
193
138
120
156
184
123
191
188
147
137
135
130
164
169
192
131
153
186
116
141
171
170
124
197
134
174
157
100
136
128
133
132
149
158
180
182
160
142
107
109
183
106
190
121
148
198
108
102
145
181
187
114
139
117
110
185
143
175
129
178
173
194
161
167
168
127
179
151
172
165
140
177
111
195
115
162
119
126
144
159
196
94
74
42
0
44
81
15
65
40
27
19
21
11
77
95
61
98
68
6
39
57
82
43
26
96
59
62
87
67
51
79
78
33
32
45
9
36
73
28
80
7
58
49
72
60
48
85
2
8
10
17
83
14
90
75
29
