44
10
65
62
11
68
96
26
27
42
39
60
2
72
28
49
9
29
43
82
59
77
74
48
85
36
61
80
6
58
67
19
0
15
95
57
7
83
79
81
14
94
73
17
51
45
33
78
32
8
87
40
21
75
98
90
199
113
120
171
166
105
186
138
155
153
147
131
176
134
189
101
118
112
188
184
192
163
170
122
150
103
197
152
104
124
146
137
156
191
130
141
135
116
154
125
164
193
123
169
179
119
158
161
149
129
145
194
136
198
167
165
177
168
142
190
115
111
178
173
157
162
140
174
185
108
121
159
144
143
139
183
107
117
151
133
160
172
102
126
195
148
181
114
106
110
109
187
127
100
180
175
128
132
182
196
47
25
16
64
66
84
55
63
70
37
24
91
56
50
86
31
38
52
1
89
97
76
46
13
93
53
41
12
71
99
3
18
54
88
69
23
20
34
4
92
5
35
22
30
