********************= 2022/10/12 22:02:35 =********************
0.6303999401409057
[[ 0 44 64  4 41 93 67 59 45 94 81 23 24 77 62 17 83  9 90 78  7 88 99 97
   2 51 95 87 57 74 91 55 63 18 46  5 27 50 52 76  6 25 31 71 84 56 20 30
  37 47 69 86 92 60 82 96 89 38 19 26  3  1 61 28 32 85 49 48 11 34 66 12
  54 35 70 22 13 75 80 36 33 79  8 53 16 43 15 39 10 21 73 29 42 58 14 68
  40 65 98 72]
 [ 0 44 53  4 41 93 67 59 45 94 81 23 24 77 62 17 83  9 90 78  7 88 99 97
   2 51 87 95 57 56 91 55 63 18 46 66 74 27 50 52 76  6 25 84 31 71 20 30
  37 38 69 86 64 60 82 96 89 28 19 26  3  1 61 85 32 73 48 11 34  5 12 54
  35 70 22 13 75 80 36 33 58  8 47 92 16 43 15 39 10 21 49 29 42 79 14 68
  40 65 98 72]
 [ 0 44 53  4 41 93 67 59 45 94 81 23 24 77 62 17 83  9 90 78  7 88 99 97
   2 51 87 95 57 56 91 55 63 18 46  5 74 27 50 52 76  6 25 84 31 71 20 30
  37 38 69 86 64 60 82 96 89 28 19 26  3  1 61 85 32 73 48 11 34 66 12 54
  35 70 22 13 75 80 36 33 58  8 47 92 16 43 15 39 10 21 49 29 42 79 14 68
  40 65 98 72]
 [ 0 44 64  4 41 93 67 59 45 94 81 23 24 77 62 17 83  9 90 78  7 88 99 97
   2 51 95 87 57 74 91 55 63 18 46  5 27 50 52 76  6 25 31 71 84 56 20 30
  37 47 69 86 92 60 82 96 89 38 19 26  3  1 61 32 85 49 48 11 34 66 12 54
  35 70 22 13 75 80 36 33 79  8 28 53 16 43 15 39 10 21 73 29 42 58 14 68
  40 65 98 72]
 [ 0 44 64  4 41 93 67 59 45 94 81 23 24 77 62 17 83  9 90 78  7 88 99 97
   2 51 95 87 57 74 91 55 63 18 46  5 27 50 52 76  6 25 31 71 84 56 20 30
  37 47 69 86 92 60 82 96 89 38 19 26  3  1 61 32 85 49 48 11 34 66 12 54
  35 70 22 13 75 80 36 33 79  8 28 53 16 43 15 39 10 21 73 29 42 58 14 68
  40 65 98 72]
 [ 0 44 64  4 41 93 67 59 45 94 81 23 24 77 62 17 83  9 90 78  7 88 99 97
   2 51 95 87 57 74 91 55 63 18 46  5 27 50 52 76  6 25 31 71 84 56 20 30
  37 47 69 86 92 60 82 96 89 38 19 26  3  1 61 85 32 49 48 11 34 66 12 54
  35 70 22 13 75 80 36 33 79  8 28 53 16 43 15 39 10 21 73 29 42 58 14 68
  40 65 98 72]
 [ 0 44 64  4 41 93 67 59 45 94 81 23 24 77 62 17 83  9 90 78  7 88 99 97
   2 51 95 87 57 74 91 55 63 18 46  5 27 50 52 76  6 25 31 71 84 56 20 30
  37 47 69 86 92 60 82 96 89 38 19 26  3  1 61 85 32 49 48 11 34 66 12 54
  35 70 22 13 75 80 36 33 79  8 28 53 16 43 15 39 10 21 73 29 42 58 14 68
  40 65 98 72]
 [ 0 44 64  4 41 93 67 59 45 94 81 23 24 77 62 17 83  9 90 78  7 88 99 97
   2 51 95 87 57 74 91 55 63 18 46  5 27 50 52 76  6 25 31 71 84 56 20 30
  37 47 69 86 92 60 82 96 89 38 19 26  3  1 61 85 32 49 48 11 34 66 12 54
  35 70 22 13 75 80 36 33 79  8 28 53 16 43 15 39 10 21 73 29 42 58 14 68
  40 65 98 72]
 [ 0 44 64  4 41 93 67 59 45 94 81 23 24 77 62 17 83  9 90 78  7 88 99 97
   2 51 95 87 57 74 91 55 63 18 46  5 27 50 52 76  6 25 31 71 84 56 20 30
  37 47 69 86 92 60 82 96 89 38 19 26  3  1 61 85 32 49 48 11 34 66 12 54
  35 70 22 13 75 80 36 33 79  8 28 53 16 43 15 39 10 21 73 29 42 58 14 68
  40 65 98 72]
 [ 0 44 64  4 41 93 67 59 45 94 81 23 24 77 62 17 83  9 90 78  7 88 99 97
   2 51 95 87 57 74 91 55 63 18 46  5 27 50 52 76  6 25 31 71 84 56 20 30
  37 47 69 86 92 60 82 96 89 38 19 26  3  1 61 85 32 49 48 11 34 66 12 54
  35 70 22 13 75 80 36 33 79  8 28 53 16 43 15 39 10 21 73 29 42 58 14 68
  40 65 98 72]]


********************= 2022/10/12 22:29:30 =********************
0.7128799177104338
[[59 18 54 ... 38 24 77]
 [59 18  1 ... 38 19 77]
 [59 18  1 ... 38 19 77]
 ...
 [19 18  1 ... 38 59 77]
 [59 18 54 ... 38 24 77]
 [59 18  1 ... 38 44 77]]


********************= 2022/10/12 22:29:54 =********************
0.8191916838005082
[[17 44 37 ... 95 85 98]
 [17 44 37 ... 95 85 98]
 [17 44 37 ... 95 85 98]
 ...
 [17 44 90 ... 18 13 98]
 [17 44 37 ... 95 85 98]
 [44 37 24 ... 95 85 17]]


